$ANSIBLE_VAULT;1.1;AES256
30306337636533353734356432393563363762393337363835663665333061316461306435336564
3364376265323430306561323436646137303736386461350a303337643037353831386533653462
64363036343965373161366330303064343632626334643465346232623061363932393030613363
3531393962613363340a386434336537313633633938656138396136616231363431303665326361
66343135313537373034363936396364313832663436306134393962333861303237333362613665
65326338623438316332343630613136383230646637646664653537333164326333363165653764
34303564653961383832336334613138383537386133393634663134313866343837633635643461
33626164373965636164306466343430636231663032623837336639383934663166666637323536
64383639333663323866313239366332396463326232613532643062666162343137623436663835
33646637666635336262346233373564663236306237643063303763643764353363316637303663
39656139306337666134383539633938616463343538316537376665303164646534646361303266
35373334623230343731383737376266356334313034666130616136646636386234616136626331
34313739333562316631636535646638653063376662373039353331316466656265623563306434
33383138373437376236613361303137363432663562326363393034656636633037633330313930
37633265396132396538633937303238613739343463303833373937666262366439336335623438
37636665633565373862303866633334326237383730323534613838353862343562333438666464
35313237633631656162373037363035306366396262363563653038636461623363
